    INSERT INTO
    QUALIFYING  (
        TRACKNAME,
        DATE,
        ROUND,
        Q1,
        Q2,
        Q3,
        Q4,
        Q5,
        Q6,
        Q7,
        Q8,
        Q9,
        Q10,
        Q11,
        Q12,
        Q13,
        Q14,
        Q15,
        Q16,
        Q17,
        Q18,
        Q19,
        Q20
    )
VALUES
    (
        'Bahrain Grand Prix',
        2021,
        1,
        33,
        44,
        77,
        16,
        10,
        3,
        4,
        55,
        14,
        18,
        11,
        99,
        22,
        7,
        63,
        31,
        6,
        5,
        47,
        9
    ),
    (
        'Emilia Romagna Grand Prix',
        2021,
        2,
        44,
        11,
        33,
        16,
        10,
        3,
        4,
        77,
        31,
        18,
        55,
        63,
        5,
        6,
        14,
        7,
        99,
        47,
        9,
        22
    ),
    (
        'Portuguese Grand Prix',
        2021,
        3,
        77,
        44,
        33,
        11,
        55,
        31,
        4,
        16,
        10,
        5,
        63,
        99,
        14,
        22,
        7,
        3,
        18,
        6,
        47,
        9
    ),
    (
        'Spanish Grand Prix',
        2021,
        4,
        44,
        33,
        77,
        16,
        31,
        55,
        3,
        11,
        4,
        14,
        18,
        10,
        5,
        99,
        63,
        22,
        7,
        47,
        6,
        9
    ),
    (
        'Monaco Grand Prix',
        2021,
        5,
        16,
        33,
        77,
        55,
        4,
        10,
        44,
        5,
        11,
        99,
        31,
        3,
        18,
        7,
        63,
        22,
        14,
        6,
        9,
        47
    ),
    (
        'Azerbaijan Grand Prix',
        2021,
        6,
        16,
        44,
        33,
        10,
        55,
        4,
        11,
        22,
        14,
        77,
        5,
        31,
        3,
        7,
        63,
        6,
        47,
        9,
        18,
        99
    ),
    (
        'French Grand Prix',
        2021,
        7,
        33,
        44,
        77,
        11,
        55,
        10,
        16,
        4,
        14,
        3,
        31,
        5,
        99,
        63,
        47,
        6,
        7,
        9,
        18,
        22
    ),
    (
        'Styrian Grand Prix',
        2021,
        8,
        33,
        77,
        44,
        4,
        11,
        10,
        16,
        22,
        14,
        18,
        63,
        55,
        3,
        5,
        99,
        6,
        31,
        7,
        47,
        9
    ),
    (
        'Austrian Grand Prix',
        2021,
        9,
        33,
        4,
        11,
        44,
        77,
        10,
        22,
        5,
        63,
        18,
        55,
        16,
        3,
        14,
        99,
        7,
        31,
        6,
        47,
        9
    ),
    (
        'British Grand Prix',
        2021,
        10,
        44,
        33,
        77,
        16,
        11,
        4,
        3,
        63,
        55,
        5,
        14,
        10,
        31,
        99,
        18,
        22,
        7,
        6,
        47,
        9
    ),
    (
        'Hungarian Grand Prix',
        2021,
        11,
        44,
77,
33,
11,
10,
4,
16,
31,
14,
5,
3,
18,
7,
99,
55,
22,
63,
6,
9,
47
    ),
    (
        'Belgian Grand Prix',
        2021,
        12,
33,
63,
44,
3,
5,
10,
11,
77,
31,
4,
16,
6,
55,
14,
18,
99,
22,
47,
7,
9

    ),
    (
        'Dutch Grand Prix',
        2021,
        13,
33,
44,
77,
10,
16,
55,
99,
31,
14,
3,
63,
18,
4,
6,
22,
11,
5,
88,
47,
9

    ),
    (
        'Italian Grand Prix',
        2021,
        14,
77,
44,
33,
4,
3,
10,
55,
16,
11,
99,
5,
18,
14,
31,
63,
6,
22,
47,
88,
9

    ),
    (
        'Russian Grand Prix',
        2021,
        15,
4,
55,
63,
44,
3,
14,
77,
18,
11,
31,
5,
10,
22,
6,
16,
7,
47,
99,
9,
33

    ),
    (
        'Turkish Grand Prix',
        2021,
        16,
44,
77,
33,
16,
10,
14,
11,
4,
18,
22,
5,
31,
63,
47,
55,
3,
6,
99,
7,
9

    ),
    (
        'United States Grand Prix',
        2021,
        17,
33,
44,
11,
77,
16,
55,
3,
4,
10,
22,
31,
5,
99,
14,
63,
18,
6,
7,
47,
9

    ),
    (
        'Mexico City Grand Prix',
        2021,
        18,
77,
44,
33,
11,
10,
55,
3,
16,
22,
4,
5,
7,
63,
99,
31,
14,
6,
47,
9,
18

    ),
    (
        'Sao Paulo Grand Prix',
        2021,
        19,
33,
77,
11,
10,
55,
16,
4,
3,
14,
31,
5,
22,
7,
99,
18,
6,
63,
47,
9,
44

    ),
    (
        'Qatar Grand Prix',
        2021,
        20,
44,
33,
77,
10,
14,
4,
55,
22,
31,
5,
11,
18,
16,
3,
63,
7,
6,
99,
47,
9

    ),
    (
        'Saudi Arabian Grand Prix',
        2021,
        21,
44,
77,
33,
16,
11,
10,
4,
22,
31,
99,
3,
7,
14,
63,
55,
6,
5,
18,
47,
9

    ),
    (
        'Abu Dhabi Grand Prix',
        2021,
        22,
33,
44,
4,
11,
55,
77,
16,
22,
31,
3,
14,
10,
18,
99,
5,
6,
63,
7,
47,
9

    )